0 384 382 27 27 292 379 47 38 58 357 216 90 370 377 9 8 390 378 9 6 
1 292 379 46 38 384 381 27 28 55 355 218 92 370 377 8 8 389 377 10 6 
2 384 381 27 27 291 379 45 37 53 355 224 93 370 377 8 9 
3 54 355 222 94 384 381 27 27 291 379 45 37 369 377 9 9 
4 56 355 220 94 290 378 46 38 384 381 27 27 369 377 9 8 358 379 10 6 
5 52 355 227 96 384 381 27 27 290 378 45 38 369 377 10 8 325 380 16 16 
6 384 382 27 26 53 355 224 95 289 378 45 38 369 377 10 8 325 380 16 16 
7 383 382 28 26 52 356 222 95 288 378 46 38 369 378 9 8 324 380 17 17 360 379 8 6 389 377 11 6 
8 383 382 28 26 54 354 222 99 287 377 46 39 369 378 9 8 324 380 16 17 359 379 9 6 
9 383 382 28 26 51 353 227 103 286 377 46 39 369 378 9 8 359 379 9 6 323 379 17 19 
10 383 382 28 26 49 351 231 105 285 378 48 38 359 379 9 6 369 378 10 8 322 380 17 17 
11 383 382 28 26 50 348 231 106 285 378 47 38 360 378 9 8 321 380 17 17 368 378 12 8 
12 382 382 29 26 282 379 46 37 44 348 236 104 322 380 16 17 369 378 10 8 361 379 7 7 383 382 21 15 
13 383 382 28 26 40 347 240 108 283 379 46 38 321 380 17 17 360 379 8 7 369 377 10 9 383 383 21 15 
14 383 383 28 24 283 380 46 37 33 344 243 112 320 380 18 17 360 379 9 7 369 377 10 9 383 382 21 16 388 377 10 6 
15 382 383 29 24 282 379 47 37 31 342 244 114 360 378 9 8 320 380 17 17 369 377 11 8 383 383 22 16 388 377 10 6 
16 382 383 29 24 282 379 47 37 22 342 251 114 360 378 9 8 320 380 17 16 370 377 11 9 383 383 21 16 
17 381 383 30 24 281 379 47 38 19 340 252 117 360 378 9 8 319 380 18 16 370 377 12 9 382 383 23 16 
18 381 383 30 24 279 379 48 38 23 343 246 114 318 380 18 17 361 378 8 8 382 383 22 15 370 377 11 9 
19 381 383 30 24 278 379 48 38 39 349 231 108 317 380 19 18 361 378 8 8 382 383 22 15 
20 381 383 30 24 277 379 48 38 42 353 231 101 317 380 19 17 361 378 8 8 382 382 22 16 
21 382 383 29 24 37 352 238 100 277 379 48 38 318 380 17 17 360 378 8 8 381 382 23 16 371 377 11 8 
22 277 379 45 38 381 383 30 24 38 352 237 101 317 381 18 16 360 378 8 8 381 383 23 14 372 378 9 7 
23 381 383 30 24 275 379 45 38 316 380 19 17 33 352 242 104 360 378 9 8 381 383 23 14 
24 381 383 30 24 315 381 20 16 274 378 46 40 26 352 251 104 360 378 9 8 381 383 23 14 
25 381 383 29 24 314 381 20 16 274 378 47 40 31 352 243 102 360 378 8 8 
26 381 382 29 25 273 378 46 41 314 381 21 17 37 352 234 101 359 379 8 7 
27 381 383 29 25 272 379 47 40 28 350 247 103 314 382 21 16 359 379 8 7 
28 381 383 29 25 270 379 48 40 27 352 246 100 313 381 22 18 359 378 9 9 
29 381 383 29 25 28 350 242 106 268 378 51 41 313 381 22 19 358 378 9 8 381 383 22 15 
30 380 383 30 25 25 351 252 105 268 379 50 40 308 382 26 18 358 378 9 8 360 381 10 8 
31 380 384 30 25 25 351 249 103 265 379 51 42 308 382 26 18 359 381 10 8 382 383 20 13 
32 381 385 29 24 31 350 241 107 307 382 28 19 266 379 49 42 359 382 10 7 373 383 10 9 382 384 20 12 
33 380 385 30 24 26 348 249 112 307 382 28 18 265 379 50 42 359 382 10 8 382 384 20 11 374 383 9 9 
34 381 384 29 25 264 379 50 41 30 349 243 110 307 382 28 18 359 382 10 8 
35 381 383 29 26 263 379 50 40 307 381 28 19 25 349 253 112 
36 381 383 29 26 262 379 52 40 306 382 30 18 24 349 247 110 
37 381 383 29 26 261 379 50 39 307 381 27 18 18 347 257 113 
38 382 383 28 26 260 379 50 39 307 381 27 19 17 346 255 116 341 380 11 6 358 378 9 9 
39 260 378 51 40 382 382 28 26 307 381 27 18 16 346 256 114 359 378 8 8 382 383 22 15 341 380 11 6 
40 307 380 27 18 382 382 28 26 14 347 257 121 260 378 49 39 358 378 9 8 
41 307 379 28 20 260 378 49 39 382 382 28 26 12 345 258 125 358 378 9 8 
42 307 379 28 20 11 346 255 119 382 382 28 26 259 378 48 39 357 378 10 8 382 382 22 17 
43 11 344 250 133 307 380 27 19 258 378 49 39 382 382 28 26 357 378 10 9 
44 10 342 249 142 308 380 25 19 382 382 28 26 258 378 48 39 357 378 10 8 341 380 11 6 360 381 9 8 
45 8 343 253 144 308 380 26 19 382 383 29 25 257 378 48 39 357 378 9 8 359 381 10 8 341 380 10 6 
46 10 342 249 145 307 380 27 19 382 383 29 26 256 378 49 39 357 378 10 8 359 381 10 8 340 380 10 6 
47 10 341 249 148 307 380 27 20 382 383 29 26 254 378 51 39 359 381 10 8 357 378 10 8 
48 6 342 254 147 307 380 26 20 383 383 27 26 253 378 51 39 359 381 10 8 357 378 9 8 
49 3 343 257 146 307 380 26 20 383 383 27 26 252 377 53 41 359 382 10 7 356 378 10 8 341 380 10 6 
50 3 341 253 150 307 381 26 19 383 383 27 26 248 377 55 42 357 378 9 8 340 380 11 6 
51 2 341 257 150 307 381 26 19 383 383 27 27 248 377 55 42 340 380 10 6 
52 1 341 257 151 307 381 26 19 383 383 27 27 248 376 55 43 340 380 10 6 
53 1 341 258 150 382 383 28 27 306 380 27 20 248 377 54 41 340 380 9 6 357 378 9 8 
54 0 341 257 150 382 383 28 26 307 380 25 19 248 376 53 41 340 380 9 6 357 379 8 7 360 382 9 7 
55 1 340 254 152 382 383 28 26 248 376 53 42 306 380 26 20 340 380 10 6 356 379 9 7 373 383 9 9 
56 0 340 256 152 382 383 28 26 246 377 56 40 306 380 26 19 340 380 10 6 356 379 8 7 
57 1 340 253 152 382 383 29 26 246 377 55 41 306 380 26 19 340 380 10 6 356 379 8 7 373 383 9 9 
58 0 337 264 158 382 382 29 28 243 377 58 40 306 380 26 19 339 380 11 6 356 378 9 8 373 382 9 10 
59 5 339 246 153 242 376 59 41 383 382 28 27 306 380 27 19 339 380 10 6 357 378 8 8 
60 2 339 250 153 240 376 60 41 383 382 28 27 305 381 28 18 339 380 10 6 357 378 8 8 
61 4 339 248 154 241 376 58 41 382 382 29 28 306 380 26 19 357 378 8 8 339 380 10 6 
62 238 377 60 40 7 338 243 154 382 382 29 28 305 380 28 19 339 380 10 6 356 378 9 8 
63 238 377 59 41 5 339 246 153 382 382 29 28 305 380 28 19 356 379 9 7 339 380 10 6 
64 239 377 57 40 381 382 30 28 5 340 246 153 307 380 26 19 356 379 9 7 339 380 10 6 
65 238 376 57 42 381 382 30 28 307 380 26 19 6 339 245 153 355 378 9 8 339 380 10 6 
66 239 376 56 42 381 382 30 28 307 380 25 18 0 327 245 171 355 378 9 8 339 380 10 6 
67 239 376 55 42 380 382 31 29 308 380 25 19 0 333 264 163 355 379 9 7 339 380 10 6 
68 238 376 56 42 380 382 31 29 308 380 25 19 0 328 245 170 355 379 9 7 340 380 9 6 
69 379 382 33 29 0 328 244 170 308 380 25 19 237 376 57 43 356 379 8 7 
70 379 382 33 29 0 328 246 169 308 380 25 20 236 376 58 43 356 379 8 7 
71 379 383 33 28 0 335 267 159 308 381 25 19 236 376 57 43 355 379 9 7 
72 379 383 33 28 307 381 27 19 0 332 264 162 237 376 55 44 355 379 9 7 
73 379 383 33 28 307 382 27 19 236 377 56 44 0 333 263 162 355 378 9 8 
74 379 384 33 28 307 381 27 20 0 331 264 164 227 376 64 46 358 382 9 7 373 383 8 9 
75 379 383 33 29 307 381 27 20 228 377 61 45 0 326 247 171 358 382 8 7 
76 379 383 32 29 307 381 27 20 226 377 64 45 0 331 262 164 355 379 9 7 
77 378 383 33 29 307 381 27 20 226 377 62 44 0 332 264 163 354 378 10 9 
78 378 383 33 29 307 380 27 20 227 377 61 44 0 325 246 172 354 378 10 9 
79 377 383 34 29 227 377 60 43 307 380 26 20 0 326 247 170 355 378 9 8 
80 377 383 34 29 0 326 247 171 307 380 27 20 227 377 59 43 355 378 10 8 
81 377 383 34 29 0 326 248 170 307 380 27 20 233 373 52 51 356 378 9 8 
82 377 383 35 29 231 373 52 50 307 379 27 21 0 326 248 171 
83 377 383 34 29 0 325 248 172 227 375 55 44 307 379 28 21 356 378 9 8 
84 377 383 34 29 226 375 55 44 0 329 265 166 307 379 28 21 355 378 10 8 
85 377 382 34 31 0 329 265 166 227 375 53 43 307 378 28 22 
86 376 382 35 30 0 327 265 169 225 376 54 43 308 378 26 22 
87 0 329 267 165 377 382 34 30 225 376 53 42 308 378 25 22 355 378 9 8 
88 377 381 34 31 0 331 265 163 224 376 53 42 308 379 26 21 
89 376 381 36 31 0 329 264 166 223 376 54 42 308 379 25 21 
90 0 330 267 163 376 382 36 30 223 376 53 42 308 379 25 21 
91 375 382 37 31 0 328 264 167 222 376 54 42 307 380 27 20 
92 375 382 37 31 0 328 265 167 227 373 48 51 307 380 27 20 
93 374 383 38 31 0 328 265 167 227 372 47 52 307 380 27 20 
94 374 383 38 31 225 374 48 50 0 323 247 174 307 380 26 20 
95 373 383 39 31 225 374 48 51 0 326 264 170 308 380 24 19 
96 373 383 39 31 0 328 264 168 212 377 61 43 308 380 24 19 360 381 10 8 
97 373 383 39 32 0 329 265 166 212 377 61 43 307 380 25 19 
98 373 383 39 32 0 331 264 164 211 377 61 43 308 379 24 20 
99 373 383 39 32 0 331 264 164 211 377 59 42 308 379 24 20 
100 373 381 39 33 0 332 265 163 211 376 58 42 312 380 24 19 
101 373 381 39 32 211 375 57 43 312 378 26 20 0 330 265 165 
102 373 381 39 31 211 370 59 53 311 378 27 20 0 327 264 169 0 327 264 169 358 377 10 7 
103 373 381 39 31 310 378 28 19 211 370 58 52 0 324 264 171 358 377 10 7 0 324 264 171 
104 372 381 40 31 311 378 28 19 209 368 59 52 0 321 247 175 358 376 10 8 374 376 9 7 341 377 9 7 
105 372 381 40 31 311 378 28 18 209 369 59 53 0 324 261 169 358 376 10 8 374 376 9 8 340 377 9 7 
106 373 381 39 31 310 378 29 18 209 369 58 53 0 323 262 172 359 377 10 7 
107 373 381 39 31 311 378 28 18 208 369 59 53 0 323 261 172 359 377 9 7 
108 372 381 40 31 311 378 29 19 0 322 246 173 208 370 58 52 340 377 10 7 359 377 10 7 
109 372 381 41 31 311 379 28 17 207 369 58 53 0 320 245 175 340 377 10 7 2 323 258 171 359 376 10 8 304 375 16 10 
110 372 381 41 31 311 379 29 17 206 371 58 52 0 319 246 174 0 321 261 172 340 377 10 7 359 375 10 8 
111 372 381 41 32 310 379 30 18 204 371 59 52 0 320 247 172 0 323 260 168 360 376 10 8 340 377 10 7 302 376 17 10 
112 373 382 40 31 311 380 29 17 0 319 246 174 202 372 61 51 360 376 10 8 303 376 16 10 
113 373 381 40 32 311 379 30 18 0 319 248 174 202 372 59 52 296 377 16 8 360 376 10 8 
114 373 380 40 33 311 379 30 17 0 318 246 176 295 376 19 9 198 372 64 51 360 376 10 8 
115 373 380 41 33 311 378 31 18 0 315 244 178 295 376 19 9 197 372 64 51 0 319 257 172 
116 373 380 41 34 311 379 32 17 0 315 243 178 294 375 21 10 3 318 252 174 
117 373 380 41 34 311 379 32 17 294 375 20 10 0 313 241 181 198 371 63 52 5 317 248 176 340 376 11 8 
118 373 381 41 33 310 379 33 17 197 370 62 53 4 316 248 178 293 375 21 9 0 314 239 181 
119 373 382 41 31 312 380 31 15 0 314 241 182 194 370 64 52 2 315 251 180 293 375 20 9 
120 374 383 40 30 313 379 30 16 0 315 241 182 195 370 62 52 291 374 22 10 2 316 252 180 340 376 11 8 
121 372 384 47 30 313 380 30 15 0 314 256 184 195 369 61 54 290 373 24 11 375 378 38 25 
122 372 384 47 30 313 379 31 16 1 313 257 185 289 373 24 11 375 378 38 26 
123 374 380 41 35 314 379 29 15 0 313 258 186 287 373 25 10 
124 373 382 47 32 314 378 30 17 0 313 256 184 288 372 23 11 0 313 256 184 
125 373 383 47 31 315 377 28 17 287 372 23 10 1 311 253 186 1 311 253 186 
126 373 383 47 30 314 377 29 17 3 310 249 187 288 372 22 11 375 377 39 27 2 312 236 184 
127 373 382 48 31 314 377 29 17 2 311 235 184 289 371 21 11 4 308 247 189 
128 373 381 48 33 315 377 28 17 288 371 22 11 5 307 245 189 5 307 245 189 278 373 17 9 
129 373 382 48 32 316 377 26 17 288 371 23 11 4 306 246 190 277 372 17 11 0 307 239 188 
130 373 382 48 32 317 377 26 17 3 305 248 191 290 372 20 11 374 378 45 23 275 373 18 10 0 307 238 188 
131 372 382 49 33 317 376 26 18 274 372 20 11 289 372 20 11 2 305 250 190 0 308 239 185 
132 372 383 49 32 317 376 26 18 272 372 20 11 4 304 246 191 290 372 18 11 
133 372 384 50 31 317 376 26 18 5 304 244 191 289 372 19 11 270 372 22 11 
134 373 384 49 31 289 373 18 10 318 376 25 18 4 304 245 191 270 371 20 12 
135 373 383 49 32 4 304 245 192 318 373 25 18 288 372 18 10 272 371 19 11 374 378 46 21 
136 372 383 50 33 318 373 25 18 2 303 249 192 273 370 22 13 374 378 46 21 2 304 233 191 264 372 19 11 
137 371 382 51 34 317 373 26 17 275 370 21 13 1 303 235 192 264 372 17 11 1 303 235 192 374 378 46 21 
138 371 383 52 33 317 373 26 17 274 370 22 12 1 302 235 194 262 372 16 11 374 378 46 21 
139 372 382 51 35 273 370 23 12 317 373 26 18 1 300 235 197 260 372 16 11 
140 371 382 53 35 317 376 27 18 272 371 23 11 1 301 236 195 258 372 16 11 374 378 46 20 
141 371 383 53 34 319 377 25 17 0 302 237 193 271 371 23 12 257 372 18 11 375 378 45 20 188 366 61 53 
142 371 381 53 36 319 376 26 19 3 300 247 197 269 372 23 11 256 372 22 11 1 301 235 193 
143 319 377 25 18 370 383 54 33 4 300 244 196 259 371 26 13 248 373 18 11 320 374 22 13 
144 318 377 27 18 371 382 54 35 257 371 29 13 5 301 242 194 246 372 17 12 2 302 233 191 
145 319 378 26 17 372 391 52 30 254 370 31 14 2 300 248 197 378 379 45 21 1 301 235 193 243 372 19 13 
146 319 377 26 17 372 391 52 31 251 369 32 15 1 299 250 198 378 379 46 22 0 300 236 195 321 374 22 13 
147 320 378 25 16 374 390 53 34 378 379 46 21 249 368 32 16 1 299 236 195 304 374 16 8 1 297 250 199 323 374 20 11 
148 320 378 25 16 374 391 53 33 378 378 46 23 303 374 17 8 1 296 251 202 324 374 19 12 249 369 29 15 0 298 236 197 
149 321 377 24 17 374 390 53 34 323 374 21 14 378 378 46 23 2 297 232 199 239 367 38 18 2 297 232 199 302 373 16 9 
150 321 377 24 17 374 390 54 35 323 374 21 14 377 378 48 23 238 368 37 16 2 296 233 199 2 296 233 199 
151 321 377 25 16 370 375 57 50 0 294 253 204 377 378 48 23 0 296 236 200 
152 321 377 24 16 369 376 59 48 1 295 235 202 377 378 48 23 1 294 253 205 
153 321 377 24 16 369 375 59 50 2 293 251 206 377 377 48 24 2 293 251 206 
154 368 376 60 49 321 374 25 17 0 292 255 207 373 377 50 22 296 373 14 8 
155 321 373 25 17 368 376 61 49 0 292 258 206 0 293 238 204 372 377 51 21 
156 321 373 24 17 369 390 57 34 373 377 50 22 0 292 259 206 0 292 239 205 
157 321 373 24 17 368 376 61 49 0 290 238 208 372 377 51 22 0 291 257 208 
158 320 372 25 18 368 376 60 49 0 290 237 208 372 377 51 22 
159 320 372 25 18 367 376 61 49 0 291 237 207 372 376 51 24 
160 318 372 26 18 367 376 61 50 0 290 236 208 372 376 51 24 
161 318 373 26 17 367 376 62 50 0 293 236 204 284 372 11 8 372 377 51 23 
162 367 376 61 49 317 372 26 17 0 293 236 204 372 377 51 23 282 373 11 7 
163 366 376 62 49 317 372 26 17 0 293 236 203 280 373 11 7 371 377 52 23 
164 363 382 67 45 318 372 24 17 0 293 234 203 275 373 13 8 371 377 52 23 
165 363 381 67 47 318 372 24 17 1 292 233 204 273 373 14 8 
166 363 382 66 46 0 292 233 204 317 372 25 17 271 373 16 8 369 378 54 22 384 366 19 9 
167 363 382 66 47 0 292 233 204 320 373 22 17 369 379 54 22 
168 362 382 67 48 319 377 23 16 0 294 234 203 264 376 16 7 369 380 53 20 
169 362 382 67 48 318 377 24 17 1 292 234 205 369 380 53 21 262 376 17 8 
170 362 383 66 47 317 377 25 17 0 291 236 206 369 380 53 21 260 376 17 8 
171 363 383 64 48 317 378 24 16 369 380 53 21 2 292 233 206 321 374 20 15 
172 363 384 63 48 317 377 25 18 369 380 53 22 2 293 232 205 
173 362 383 64 49 317 377 25 17 5 295 244 204 369 380 52 21 249 377 18 7 
174 362 383 65 50 316 377 26 17 4 296 245 204 369 380 52 21 246 377 18 7 
175 361 383 67 50 317 376 25 19 369 381 52 20 1 296 236 202 245 377 16 7 4 296 245 204 
176 360 383 68 50 317 376 25 18 369 380 53 22 242 376 18 8 3 297 247 202 3 297 247 202 
177 360 383 67 50 317 376 25 18 369 380 53 22 3 298 248 201 3 298 248 201 238 375 20 9 295 373 15 8 
178 360 382 68 51 317 376 24 18 369 380 53 22 1 298 253 200 236 376 16 8 1 298 253 200 
179 361 382 66 50 319 373 22 18 368 380 54 22 0 299 239 197 233 375 18 10 0 298 254 199 
180 360 382 68 50 320 374 20 16 1 299 252 199 368 380 54 22 0 299 238 198 
181 360 382 67 50 319 374 21 16 368 380 54 21 0 299 239 198 
182 360 383 67 50 319 374 21 16 367 380 55 21 0 299 256 198 
183 359 383 70 51 319 374 21 16 365 382 60 27 0 300 255 197 
184 360 383 70 51 320 373 21 17 364 382 61 28 2 300 252 196 2 300 252 196 
185 360 382 69 52 321 374 20 16 364 382 61 28 4 300 247 196 4 300 247 196 
186 359 382 70 52 322 374 19 16 368 380 54 22 1 304 237 189 5 302 244 193 
187 359 382 70 52 321 374 20 16 367 380 56 22 5 301 244 194 5 301 244 194 
188 359 381 70 54 321 374 20 16 5 301 244 194 366 380 57 22 
189 359 381 71 54 321 374 20 16 6 301 242 195 366 379 57 23 1 303 237 191 
190 358 380 73 56 322 374 19 15 5 302 244 193 365 379 58 23 
191 357 380 74 56 321 374 20 15 4 302 246 194 364 379 59 23 194 367 60 49 
192 357 380 74 56 321 374 20 15 3 300 249 196 195 367 61 49 363 379 60 23 2 256 257 235 
193 357 381 74 55 320 374 21 15 2 299 253 198 194 367 63 48 363 379 60 23 1 251 259 244 
194 356 381 76 56 320 374 22 15 195 367 62 48 362 379 61 23 1 298 253 199 1 242 258 257 
195 356 380 76 56 320 374 21 15 2 301 252 195 198 367 60 48 362 379 61 23 2 301 252 195 385 368 18 7 
196 356 380 76 56 320 374 21 15 2 302 250 194 201 367 58 48 362 379 61 24 294 375 16 7 
197 356 380 77 57 319 374 23 15 1 301 254 195 199 367 60 48 362 378 62 25 294 374 16 8 
198 355 380 78 56 320 374 22 15 212 370 45 43 0 301 259 195 362 378 62 25 384 367 21 9 294 374 15 7 259 375 16 8 
199 355 379 78 58 321 374 21 15 214 370 43 43 1 300 254 196 294 374 15 7 384 367 21 9 362 378 62 26 256 374 17 9 
200 355 379 79 58 321 373 21 16 204 366 57 49 1 301 254 196 294 374 15 7 384 368 20 8 362 378 62 25 0 304 241 190 
201 355 378 80 60 322 374 20 15 215 370 42 42 0 304 240 190 293 374 15 7 385 369 19 7 
202 355 378 80 60 321 374 21 16 0 304 240 191 293 375 13 7 3 300 249 198 216 371 41 41 386 368 18 8 
203 355 378 80 60 323 374 19 15 292 375 15 7 218 371 42 41 0 305 240 188 2 302 251 195 
204 355 378 79 62 324 374 19 16 211 370 53 43 290 375 14 7 5 301 245 197 5 301 245 197 
205 356 380 78 62 324 374 18 16 2 303 252 195 211 369 55 45 289 376 14 7 
206 356 380 79 63 324 378 19 15 289 376 15 7 213 369 53 46 0 306 240 190 2 303 250 195 
207 356 381 79 62 324 378 20 15 215 370 51 45 4 303 246 195 284 378 11 6 4 303 246 195 289 376 14 7 360 381 64 33 
208 355 380 80 64 324 378 20 15 215 370 51 44 2 307 236 189 282 378 12 6 5 304 243 194 290 376 14 7 306 377 10 6 
209 355 380 80 64 324 378 20 16 215 371 52 42 3 307 234 189 281 378 14 6 290 376 16 8 5 304 243 194 
210 354 380 81 64 324 377 20 17 215 371 52 42 279 378 15 6 2 306 236 190 293 377 14 7 5 303 243 195 
211 354 380 81 64 324 377 20 17 214 373 55 44 278 378 14 6 294 377 13 7 3 307 233 188 6 304 240 193 
212 354 381 81 64 324 377 20 17 214 374 56 42 6 304 240 194 296 377 12 7 276 378 14 7 3 307 234 189 381 372 24 9 
213 354 380 82 65 324 378 21 16 214 374 56 43 7 303 238 195 296 378 13 6 274 379 15 7 3 306 234 190 
214 354 381 82 65 324 378 20 16 214 374 57 43 295 378 12 7 4 304 245 194 275 380 14 6 1 306 238 191 382 372 24 9 
215 354 382 82 64 324 378 20 16 213 374 59 43 294 378 13 7 5 306 243 192 1 308 238 189 
216 354 381 83 65 324 378 20 16 213 374 61 43 5 307 242 191 293 378 14 7 3 309 235 189 
217 354 382 83 64 324 378 21 16 219 375 57 42 293 378 14 7 3 309 234 189 8 306 236 193 
218 353 381 84 65 324 378 21 16 219 374 58 42 292 378 14 7 3 308 234 189 8 306 236 193 324 377 17 11 
219 353 381 84 65 219 374 58 42 325 378 20 16 292 377 14 7 8 305 236 193 324 377 17 11 692 37 69 68 
220 353 380 84 66 325 379 20 14 220 373 57 39 292 376 13 8 2 308 236 187 325 376 16 10 7 305 237 193 
221 353 380 84 66 220 373 58 39 290 376 15 8 326 378 19 15 1 308 238 187 325 376 17 12 5 306 242 191 
222 353 380 84 66 219 373 60 39 289 376 15 8 326 378 20 15 2 305 236 191 325 376 17 12 
223 353 379 84 67 220 372 61 41 288 376 15 8 326 378 20 15 323 375 20 14 8 303 236 195 2 305 235 191 
224 352 379 85 67 221 373 62 39 322 375 22 15 287 376 15 8 6 304 240 195 3 307 234 190 
225 352 378 85 68 222 372 62 40 322 375 22 15 286 375 16 9 7 304 239 195 3 306 234 192 
226 352 378 85 67 224 372 62 40 322 374 23 15 285 374 18 10 9 303 235 196 3 305 234 193 
227 352 378 86 67 227 371 61 41 324 375 21 14 9 301 234 198 280 374 18 10 3 303 235 195 
228 352 377 86 68 228 371 60 41 325 375 20 13 9 302 234 197 280 374 18 10 2 302 237 197 
229 352 377 86 67 229 371 60 41 326 374 19 14 10 300 233 199 279 374 18 10 2 301 236 198 
230 352 377 86 68 230 372 58 39 8 300 238 200 327 375 17 13 279 374 17 9 
231 352 378 86 68 235 373 54 36 7 301 240 199 331 373 17 17 3 303 235 197 
232 352 379 86 67 236 373 53 36 7 303 241 196 328 375 17 13 1 305 239 193 358 379 72 37 
233 352 379 86 67 237 373 52 37 331 374 17 17 6 301 243 199 1 305 239 193 
234 353 380 85 66 237 373 52 37 330 377 19 16 5 301 245 199 
235 352 380 87 66 239 374 52 37 331 377 18 16 6 300 242 200 
236 353 381 85 66 240 374 52 37 330 377 20 17 5 303 246 196 0 306 242 192 
237 352 381 87 66 240 374 54 37 331 377 19 17 3 303 251 197 3 303 251 197 
238 352 381 87 66 241 375 53 36 331 377 20 17 0 304 258 195 383 372 25 9 0 304 258 195 291 378 17 8 
239 352 381 87 67 243 375 52 35 331 377 20 17 0 307 244 192 0 306 257 194 383 372 25 9 
240 353 381 86 67 247 376 49 34 331 377 20 17 0 308 245 190 383 373 24 8 360 380 69 36 0 306 258 193 
241 355 384 81 64 249 375 48 35 332 378 19 15 0 306 260 192 383 372 24 9 
242 355 383 81 65 251 375 46 35 0 308 260 191 332 378 19 15 383 372 24 9 360 380 69 36 
243 354 383 83 65 252 375 46 35 0 307 258 191 332 378 18 15 383 372 23 9 0 307 258 191 
244 355 384 81 64 253 375 44 35 332 378 19 15 0 307 259 190 383 372 23 9 0 307 259 190 360 381 69 35 
245 355 384 81 64 254 376 48 32 332 378 19 15 0 306 262 191 360 381 69 35 383 372 23 9 0 306 262 191 354 376 10 8 
246 355 384 81 64 254 376 47 32 0 306 259 191 333 378 18 16 384 372 22 9 360 381 69 34 
247 355 384 82 64 254 377 47 31 0 306 258 191 334 378 18 15 360 381 70 34 383 373 23 8 
248 356 384 81 64 255 376 47 33 0 305 259 192 333 378 19 16 360 381 70 35 247 377 18 9 383 373 23 8 353 376 12 9 
249 355 384 82 63 257 376 47 33 0 305 262 192 360 380 71 37 334 378 18 16 353 376 11 9 245 376 19 10 
250 355 384 83 63 259 376 44 33 0 305 267 192 360 380 71 36 335 378 17 16 
251 356 384 82 64 260 376 44 32 0 305 259 191 335 378 18 16 0 308 247 187 361 381 70 34 
252 356 383 82 64 260 376 45 33 0 308 248 187 336 379 18 15 362 381 69 35 0 305 260 191 
253 357 383 80 64 335 380 19 14 261 376 45 32 0 307 248 188 0 305 259 191 
254 357 383 80 65 335 379 20 15 262 376 44 32 0 309 249 186 0 306 262 190 
255 357 382 81 66 336 379 19 15 264 376 43 32 0 309 249 186 0 306 261 190 
256 358 381 80 67 265 375 42 33 337 379 17 14 0 306 265 191 
257 353 379 90 68 338 380 17 13 0 306 266 191 266 376 42 31 
258 358 380 86 67 268 376 40 31 338 380 17 12 0 306 267 189 340 375 16 14 363 380 69 37 
259 358 381 80 66 339 380 17 12 269 376 40 31 0 304 274 193 363 380 70 37 342 375 14 14 
260 357 380 88 68 0 305 276 191 340 380 17 12 269 376 41 31 364 379 75 39 
261 356 379 89 70 0 304 280 193 270 376 39 31 340 379 17 13 343 376 14 13 
262 356 379 89 70 0 305 278 191 340 379 17 14 272 377 41 29 343 377 14 11 
263 356 379 89 70 0 304 279 192 273 377 40 29 340 379 17 14 
264 356 379 89 69 0 305 279 192 272 376 42 30 340 379 17 13 
265 356 379 89 69 0 304 281 193 273 376 41 29 341 375 17 14 
266 356 379 90 69 0 304 282 193 273 375 42 30 341 375 17 14 
267 356 379 90 69 273 375 43 29 0 303 283 194 342 375 17 14 
268 356 379 90 69 274 376 42 28 343 375 16 13 0 301 284 196 
269 357 379 89 68 276 377 41 26 343 375 16 14 0 301 286 196 
270 357 380 89 67 0 303 287 193 277 377 39 26 343 374 15 15 
271 357 379 89 69 0 303 283 193 279 377 38 26 342 374 16 15 
272 356 379 90 70 0 304 285 193 280 378 37 25 342 374 16 15 
273 355 378 92 72 281 379 38 25 0 304 286 193 341 374 17 15 
274 355 378 92 73 341 374 17 14 282 378 38 26 0 304 285 194 
275 355 377 93 75 0 301 287 199 341 374 17 14 284 379 38 25 
276 356 378 92 73 284 379 39 24 340 374 18 14 0 301 289 199 
277 356 378 92 74 284 379 41 25 340 374 18 14 0 300 290 200 
278 355 377 94 75 339 374 18 14 286 377 38 26 1 301 289 199 
279 355 377 95 76 339 373 18 15 1 301 289 199 287 377 37 26 
280 356 377 94 76 287 377 37 26 3 301 289 198 338 373 19 15 
281 356 377 94 76 2 301 293 197 289 375 34 27 338 373 18 15 
282 355 377 96 76 337 373 18 15 1 302 294 195 291 373 34 29 
283 356 378 94 75 336 373 20 15 291 374 34 29 1 303 293 195 
284 356 377 95 76 337 373 18 15 290 375 36 27 2 302 298 196 
285 356 377 95 77 3 301 296 197 336 373 19 15 290 378 37 23 
286 359 378 90 77 291 377 36 24 335 373 20 16 4 300 298 198 
287 359 379 90 74 291 377 37 24 335 374 20 15 5 300 296 199 
288 359 380 91 72 333 373 23 17 293 378 35 23 2 300 298 199 
289 359 380 90 71 294 378 34 23 334 374 23 16 2 301 297 196 
290 359 380 90 71 295 377 33 24 1 303 294 192 336 375 20 15 276 374 15 12 
291 359 381 90 71 296 378 32 23 2 303 295 190 335 375 20 15 
292 359 381 90 71 296 379 33 23 3 303 295 191 335 375 20 15 350 380 13 11 
293 359 381 91 71 298 379 31 22 2 299 295 197 350 380 13 11 
294 360 381 90 72 2 297 293 201 299 379 30 23 349 379 14 12 
295 360 381 91 72 2 298 291 201 300 379 31 23 349 379 14 12 
296 359 380 92 73 301 378 31 24 1 298 291 201 349 379 14 12 
297 359 379 92 74 0 299 292 198 302 378 30 24 349 379 14 13 340 376 16 13 
298 360 379 93 75 302 378 31 23 1 300 289 198 349 379 15 12 
299 359 379 95 77 2 299 286 199 303 379 31 22 349 379 15 12 
300 358 379 97 78 305 378 30 23 1 299 287 199 350 379 14 12 340 377 15 11 1 299 287 199 375 374 9 9 
301 358 378 98 79 1 298 287 201 305 378 31 23 337 376 18 12 351 379 13 12 375 374 8 9 
302 359 379 97 78 306 379 23 20 0 298 287 201 0 298 287 201 337 376 18 12 350 380 14 11 
303 360 379 96 80 0 298 287 201 306 376 30 25 338 376 16 12 350 380 14 11 374 374 10 10 
304 360 379 95 79 307 377 29 24 0 298 291 200 338 377 16 11 373 374 11 10 318 379 18 19 0 298 291 200 
